chessboard = [5 0 0 0 10 0 0 5; 1 1 1 0 4 1 0 1;0 9 0 1 0 3 1 0;...
    0 0 0 0 1 0 4 0; 0 3 1 0 1 0 4 0; 0 1 9 1 0 3 1 0; 1 0 0 3 0 1 4 1;...
    5 0 0 0 10 0 0 5]
piece_colour = [98 0 0 0 98 0 0 98; 98 98 98 0 98 98 0 98; 0 98 0 98 0 98 98 0;...
    0 0 0 0 98 0 119 0; 0 98 119 0 119 0 98 0; 0 119 119 119 0 119 119 0;...
    119 0 0 119 0 119 119 119; 119 0 0 0 119 0 0 119]